B             	0.00451251990320823	2.75209177880635	14.1729459966424
B             	-2.36570894762504	6.85608468222933	14.1729459966424
B             	-4.73764814124141	10.965339893895	14.1729459966424
B             	-7.12397299814376	15.0769143826815	14.1729459966424
B             	-9.49537478241342	19.1878778942155	14.1729459966424
B             	-11.8741493445125	23.2923233718278	14.1729459966424
B             	4.73544145901976	2.7088240837252	14.1729459966424
B             	2.40747650619936	6.86134258929048	14.1729459966424
B             	0.00878975158419476	10.9877713544429	14.1729459966424
B             	-2.38694378979872	15.083825937495	14.1729459966424
B             	-4.74946804180696	19.1896639277326	14.1729459966424
B             	-7.12127947493422	23.2953231175027	14.1729459966424
B             	9.49728826700337	2.73792797480122	14.1729459966424
B             	7.08271764093892	6.8137405124334	14.1729459966424
C             	4.75132536322886	10.9625448993763	14.1729459966424
B             	2.35821552246263	15.0570846963946	14.1729459966424
B             	0.00442776594942189	19.1788304440233	14.1729459966424
B             	-2.37003993391442	23.2952558119898	14.1729459966424
B             	14.2416258302596	2.74408214399888	14.1729459966424
B             	11.8514982934548	6.86325810734493	14.1729459966424
B             	9.50998791286818	11.0179038120081	14.1729459966424
B             	7.13114749496434	15.0429775921403	14.1729459966424
B             	4.74911370578606	19.1793007092848	14.1729459966424
B             	2.37572740079547	23.2973761132718	14.1729459966424
B             	18.9919550026606	2.74071236109089	14.1729459966424
B             	16.613865992709	6.85293797310941	14.1729459966424
B             	14.2470232045713	10.9647333745657	14.1729459966424
B             	11.8913096500449	15.1031623707348	14.1729459966424
B             	9.48837917135769	19.1786278293152	14.1729459966424
B             	7.12110558717975	23.2975906116635	14.1729459966424
B             	23.7405564059489	2.74272975514983	14.1729459966424
B             	21.3680470431557	6.85245977634635	14.1729459966424
B             	18.996996156549	10.9634765658605	14.1729459966424
B             	16.6213232296537	15.0781337912117	14.1729459966424
B             	14.2474910092492	19.1957344399424	14.1729459966424
B             	11.8671974364946	23.3010567987034	14.1729459966424
N             	2.36137902816668	1.35747735502771	14.1729459966424
N             	0.0147665418909649	5.50806648029688	14.1729459966424
N             	-2.3492570392365	9.59954921266492	14.1729459966424
N             	-4.74723245686905	13.705444040807	14.1729459966424
N             	-7.12019986333519	17.8165718738092	14.1729459966424
N             	-9.4971111374502	21.9262857137558	14.1729459966424
N             	7.11929062706696	1.35902379799075	14.1729459966424
N             	4.72148926810964	5.43764691437027	14.1729459966424
N             	2.4270280514421	9.65800277761633	14.1729459966424
N             	-0.0112200210713296	13.7122020402712	14.1729459966424
N             	-2.37336806773558	17.8170831583788	14.1729459966424
N             	-4.74568028614373	21.9251258716654	14.1729459966424
N             	11.8734792037285	1.3620377364893	14.1729459966424
N             	9.48629057977794	5.4674774642033	14.1729459966424
C             	7.00543263933074	9.66113506201175	14.1729459966424
N             	4.71894602990894	13.6277151583504	14.1729459966424
N             	2.38143204094935	17.7933208412199	14.1729459966424
N             	0.00593175408622995	21.9179554291891	14.1729459966424
N             	16.6189815527179	1.36806176491958	14.1729459966424
N             	14.237712810976	5.48557589984173	14.1729459966424
N             	11.8776703083915	9.60948057997545	14.1729459966424
N             	9.52110757206314	13.7508330042459	14.1729459966424
N             	7.10676660665181	17.7917600500103	14.1729459966424
N             	4.74841823310729	21.9203713966174	14.1729459966424
N             	21.3672341734889	1.36934234345894	14.1729459966424
N             	18.9942119071262	5.48209536208823	14.1729459966424
N             	16.6266728572251	9.59483609244101	14.1729459966424
N             	14.2521922058336	13.7135895694958	14.1729459966424
N             	11.8745813113604	17.8348304418989	14.1729459966424
N             	9.49088394809337	21.9237615497922	14.1729459966424
N             	26.1152168746241	1.37735361884137	14.1729459966424
N             	23.7469150861424	5.48614998512743	14.1729459966424
N             	21.377759381351	9.59447489457644	14.1729459966424
N             	18.9957469985853	13.7059047339921	14.1729459966424
N             	16.6190328944935	17.8201798978058	14.1729459966424
N             	14.2400982023444	21.9310619899481	14.1729459966424